100 100
-1 1.597927 3.336339 -1.225763 0.491584 0.107083 -0.793156 -0.539888 1.208741 0.983423 0.369196 1.489332 0.940226 -1.494493 -1.010581 1.504902 -0.000314 0.878775 1.576998 0.351505 -0.772459 -0.280153 -0.201752 1.078117 -0.155200 0.610958 1.069815 1.024760 -0.416687 0.609954 0.519231 -0.784050 -0.573589 0.822804 -1.899076 -0.901981 -2.045837 -1.866838 1.332745 1.543092 0.154411 1.086549 0.890741 -0.134246 -2.380135 0.997345 0.777044 0.197722 -0.388743 1.953553 1.452497 0.579543 -0.188240 -0.796054 -0.024775 -0.077996 0.794785 -0.070294 -1.386911 0.728806 1.621225 -0.557541 1.210731 -0.516277 1.555989 -0.821150 -1.044124 -0.074248 2.190119 -0.174891 -2.184943 -1.455732 1.987749 0.256713 0.937647 1.855032 1.567359 -0.394273 0.373741 -0.690690 0.588771 0.282696 -0.786259 -1.272034 -2.079631 1.520448 1.111733 -0.796793 0.783977 1.172473 -0.317912 -2.013554 -0.878880 -2.050057 -0.357232 -2.406554 0.814516 1.015892 0.004655 -1.058301 1.440699 
-1 3.336339 7.624388 -2.380983 0.663051 1.188576 -2.499039 -2.027929 2.273689 1.540786 0.533737 2.922681 1.116571 -2.262982 -3.759046 2.908102 -0.098967 0.708183 2.872804 0.734340 -0.713488 -0.773682 0.779772 1.382145 -1.689779 1.730188 1.242684 0.817178 0.603651 2.375283 0.469523 -1.108430 -1.659364 0.821280 -4.135941 -2.786596 -4.370660 -4.489744 3.509486 2.878219 0.421633 3.399825 1.429377 0.663396 -5.635171 2.544461 0.984167 0.177215 0.075313 5.496658 2.744263 1.947287 -0.879642 -1.914462 -1.507423 -0.655215 2.029425 -0.458773 -1.700131 1.368166 3.047641 -1.033804 2.519366 -1.902840 4.503314 -1.892293 -2.709388 -0.768879 3.561812 -0.359088 -4.635915 -3.190421 3.906352 0.801945 1.994052 4.713355 3.108196 -0.833326 0.421122 -2.527177 1.394754 -0.014028 -2.147857 -3.171044 -2.999242 2.636043 1.855903 -0.607129 2.094402 1.239336 -0.475902 -4.070117 -1.705559 -3.252368 -0.179148 -4.845233 2.330519 1.209036 -0.482690 -1.252667 2.900640 
-1 -1.225763 -2.380983 0.988570 -0.475494 0.179205 0.380119 0.170214 -0.994945 -0.893185 -0.347426 -1.193085 -0.950512 1.378627 0.328606 -1.217781 -0.026385 -0.979227 -1.323413 -0.269522 0.836118 0.163786 0.480032 -1.062336 -0.250827 -0.345556 -1.089043 -1.144243 0.718749 -0.169508 -0.564748 0.744602 0.314940 -0.874013 1.410509 0.447257 1.542508 1.271730 -0.825498 -1.276765 -0.091572 -0.527126 -0.799853 0.358559 1.645517 -0.639913 -0.768921 -0.215483 0.538421 -1.114582 -1.192320 -0.244897 0.012610 0.542301 -0.375239 -0.073516 -0.509475 -0.030578 1.387703 -0.600642 -1.334998 0.462976 -0.931060 0.172629 -0.853829 0.581748 0.657582 -0.109295 -1.953833 0.135802 1.656038 1.075799 -1.590851 -0.124896 -0.709428 -1.195437 -1.246817 0.299706 -0.383982 0.235957 -0.406836 -0.380509 0.466039 0.836257 1.958961 -1.312179 -0.978824 0.897349 -0.477476 -1.226747 0.294750 1.580886 0.709250 1.850997 0.427516 1.894659 -0.454223 -1.026300 -0.136930 1.070996 -1.134248 
1 0.491584 0.663051 -0.475494 0.351740 -0.499597 0.221208 0.330961 0.509855 0.585377 0.244432 0.561331 0.756421 -0.932925 0.599140 0.592106 0.054157 0.892083 0.716837 0.107901 -0.733948 0.017976 -0.724855 0.811166 0.705947 -0.062897 0.876009 1.045053 -0.941440 -0.420363 0.498901 -0.532917 0.078367 0.747959 -0.489957 0.221029 -0.574678 -0.247645 0.008900 0.664350 -0.007262 -0.289997 0.511555 -0.562083 -0.364881 0.051816 0.591265 0.190852 -0.609077 -0.181435 0.606017 -0.228567 0.210630 -0.105626 0.795715 0.247721 0.040330 0.150557 -1.086483 0.308931 0.684918 -0.243426 0.377181 0.296398 -0.213643 -0.154498 -0.029091 0.315920 1.231681 -0.057153 -0.631372 -0.364525 0.746109 -0.067792 0.268411 0.107008 0.572862 -0.115712 0.313215 0.386323 0.089825 0.420441 0.037474 -0.107041 -1.380842 0.764940 0.598795 -0.828167 -0.011305 1.027724 -0.201481 -0.693407 -0.341827 -1.197977 -0.422649 -0.839381 -0.097027 0.815857 0.273173 -0.853691 0.502496 
-1 0.107083 1.188576 0.179205 -0.499597 1.421566 -1.288728 -1.356315 -0.285513 -0.685296 -0.322795 -0.174165 -1.177766 1.156530 -2.484711 -0.242136 -0.144115 -1.592402 -0.509674 0.024182 1.266398 -0.295420 1.746800 -1.201259 -2.012155 0.707187 -1.380815 -1.869618 2.132016 1.655706 -0.866004 0.722227 -0.715235 -1.259103 -0.377646 -1.384461 -0.282382 -0.992708 1.154618 -0.400250 0.155798 1.730811 -0.571168 1.374170 -1.135136 0.744115 -0.883390 -0.332087 1.273986 2.208980 -0.325414 1.119421 -0.725839 -0.423240 -2.135267 -0.726885 0.595540 -0.462016 1.659481 -0.176174 -0.385799 0.153611 0.068618 -1.243645 1.943043 -0.315628 -0.845828 -0.904703 -1.335016 -0.002823 -0.254786 -0.318833 -0.224282 0.407006 0.116074 1.355794 -0.135808 -0.041248 -0.501459 -1.636673 0.281953 -0.866737 -0.794646 -0.840287 1.828857 -0.687427 -0.607494 1.495125 0.723125 -1.693002 0.254059 0.061494 0.130867 1.369327 0.806706 0.101750 0.977794 -1.268729 -0.721412 1.331719 -0.060900 
1 -0.793156 -2.499039 0.380119 0.221208 -1.288728 1.473062 1.421218 -0.279798 0.168091 0.120343 -0.499919 0.617214 -0.355991 2.613037 -0.447358 0.126033 1.006334 -0.245209 -0.175022 -0.768093 0.380729 -1.437629 0.577364 1.825717 -0.885272 0.737855 1.184586 -1.680039 -1.713435 0.529188 -0.287643 0.875942 0.739677 1.161362 1.604338 1.142398 1.684551 -1.592152 -0.325954 -0.203706 -1.987709 0.108971 -1.141663 2.033706 -1.086701 0.431499 0.203536 -0.942721 -2.785021 -0.351664 -1.231636 0.716491 0.718263 1.876162 0.669137 -0.868224 0.434382 -0.842458 -0.165187 -0.372787 0.109914 -0.590030 1.312455 -2.378642 0.635244 1.196036 0.822833 0.207350 0.079037 1.179195 0.915878 -0.674356 -0.467945 -0.511923 -1.996564 -0.567588 0.208655 0.274430 1.732157 -0.504085 0.633389 1.038425 1.290980 -0.687131 -0.065169 0.043948 -0.957249 -0.974948 0.965627 -0.082750 0.827862 0.270473 -0.298646 -0.548313 0.964760 -1.210790 0.663548 0.628169 -0.700007 -0.577572 
1 -0.539888 -2.027929 0.170214 0.330961 -1.356315 1.421218 1.414572 -0.066303 0.368873 0.199637 -0.247484 0.840418 -0.667997 2.597363 -0.188328 0.134598 1.244341 0.041532 -0.119347 -0.969333 0.352864 -1.574848 0.824381 1.920794 -0.828268 0.994257 1.462890 -1.875217 -1.713302 0.665340 -0.458234 0.825492 0.948663 0.875332 1.540533 0.826822 1.440531 -1.444605 -0.051266 -0.187928 -1.914618 0.287868 -1.245635 1.714788 -0.969115 0.610586 0.255520 -1.082060 -2.599625 -0.096172 -1.204383 0.729296 0.614205 1.999794 0.699919 -0.774673 0.450581 -1.167050 -0.036220 -0.086265 0.010127 -0.397383 1.302909 -2.241953 0.520673 1.076929 0.864856 0.643069 0.050786 0.839365 0.698377 -0.337930 -0.450561 -0.366491 -1.776170 -0.304766 0.147050 0.365144 1.717766 -0.425263 0.731146 0.958163 1.134506 -1.134420 0.223009 0.260929 -1.176118 -0.890781 1.257376 -0.149601 0.496974 0.119827 -0.713655 -0.654594 0.567601 -1.136886 0.904487 0.672056 -0.951603 -0.339811 
1 1.208741 2.273689 -0.994945 0.509855 -0.285513 -0.279798 -0.066303 1.009321 0.938565 0.369334 1.197590 1.032754 -1.456148 -0.138124 1.227252 0.037102 1.092649 1.352369 0.265731 -0.925902 -0.140232 -0.608772 1.145543 0.401322 0.289509 1.185648 1.277449 -0.874913 0.042939 0.626196 -0.793858 -0.258507 0.962969 -1.371661 -0.339200 -1.509912 -1.187332 0.732090 1.297777 0.079112 0.392270 0.837272 -0.459975 -1.547618 0.578930 0.830200 0.239054 -0.630945 0.939256 1.208281 0.158376 0.042427 -0.506318 0.534148 0.128006 0.460687 0.065330 -1.503231 0.609609 1.354492 -0.471236 0.919093 -0.077230 0.700531 -0.553624 -0.588770 0.176986 2.040681 -0.134601 -1.624705 -1.043838 1.596257 0.093178 0.695481 1.084109 1.248029 -0.294404 0.419149 -0.110345 0.382533 0.443353 -0.402495 -0.766564 -2.083156 1.354672 1.017692 -1.004002 0.419263 1.345984 -0.311839 -1.574042 -0.713997 -1.941191 -0.485474 -1.888580 0.376900 1.114877 0.190544 -1.164016 1.130607 
1 0.983423 1.540786 -0.893185 0.585377 -0.685296 0.168091 0.368873 0.938565 1.004206 0.411797 1.062099 1.237640 -1.587205 0.661742 1.108336 0.076337 1.417852 1.297365 0.215996 -1.175493 -0.025487 -1.059093 1.339888 0.967640 0.022156 1.429848 1.660125 -1.403615 -0.482267 0.797980 -0.894022 0.006447 1.204394 -1.035781 0.148088 -1.181923 -0.688127 0.254424 1.217175 0.017779 -0.211880 0.883252 -0.817236 -0.946653 0.254093 0.975057 0.305099 -0.929712 0.098605 1.118449 -0.217239 0.262952 -0.293466 1.117936 0.335279 0.201130 0.199619 -1.784289 0.568042 1.260367 -0.444560 0.751777 0.324403 -0.018979 -0.366959 -0.230526 0.432161 2.134874 -0.112360 -1.287141 -0.778388 1.413201 -0.049038 0.548787 0.487601 1.092525 -0.234776 0.509647 0.419597 0.233559 0.644377 -0.089831 -0.381844 -2.325228 1.354957 1.046418 -1.312814 0.126332 1.662487 -0.341904 -1.343543 -0.641681 -2.061912 -0.661019 -1.620777 0.010955 1.335212 0.386181 -1.396277 0.970282 
1 0.369196 0.533737 -0.347426 0.244432 -0.322795 0.120343 0.199637 0.369334 0.411797 0.170696 0.411424 0.522112 -0.654083 0.360398 0.431979 0.035334 0.608784 0.515562 0.081060 -0.502366 0.003247 -0.479150 0.562015 0.456002 -0.022546 0.604079 0.713033 -0.627003 -0.255859 0.341306 -0.371524 0.033773 0.513034 -0.377253 0.116930 -0.436986 -0.218144 0.046165 0.480283 -0.000063 -0.156350 0.360814 -0.370881 -0.310195 0.064016 0.409390 0.130538 -0.409256 -0.059248 0.439471 -0.131614 0.131757 -0.093037 0.518534 0.159301 0.050387 0.096125 -0.751037 0.223678 0.496071 -0.175743 0.282811 0.177796 -0.092306 -0.125691 -0.050602 0.203921 0.870116 -0.042594 -0.478197 -0.281971 0.547103 -0.036468 0.203559 0.126006 0.421312 -0.087453 0.215722 0.231199 0.076449 0.282941 0.000647 -0.108374 -0.964112 0.545242 0.424439 -0.564590 0.016362 0.706197 -0.141113 -0.513491 -0.249690 -0.843879 -0.286639 -0.620655 -0.038655 0.563192 0.178414 -0.589166 0.371556 
1 1.489332 2.922681 -1.193085 0.561331 -0.174165 -0.499919 -0.247484 1.197590 1.062099 0.411424 1.441186 1.116669 -1.636350 -0.473725 1.469066 0.027619 1.138913 1.589021 0.327495 -0.975295 -0.207527 -0.529019 1.251530 0.243092 0.440384 1.278465 1.330569 -0.806755 0.255705 0.658431 -0.880841 -0.403511 1.021459 -1.721516 -0.584217 -1.878661 -1.571911 1.035820 1.535784 0.115743 0.691549 0.952405 -0.393046 -2.029399 0.798376 0.905438 0.251178 -0.614144 1.418264 1.435674 0.330845 -0.037294 -0.670305 0.390193 0.067091 0.635731 0.023064 -1.632105 0.722862 1.606822 -0.556643 1.130875 -0.246996 1.094071 -0.714867 -0.822880 0.105078 2.328304 -0.164729 -2.015465 -1.313939 1.921909 0.163761 0.863612 1.490424 1.507493 -0.364607 0.450327 -0.335689 0.501786 0.435042 -0.589106 -1.039333 -2.319550 1.570012 1.168285 -1.042595 0.600804 1.435950 -0.349646 -1.914763 -0.855910 -2.202589 -0.493853 -2.293953 0.580333 1.205795 0.144139 -1.258074 1.373288 
1 0.940226 1.116571 -0.950512 0.756421 -1.177766 0.617214 0.840418 1.032754 1.237640 0.522112 1.116669 1.641703 -1.981790 1.525676 1.186374 0.126222 1.965672 1.467732 0.206277 -1.610878 0.077845 -1.662954 1.751554 1.664720 -0.224973 1.903697 2.303340 -2.139989 -1.057712 1.095745 -1.141005 0.256219 1.637061 -0.897776 0.630765 -1.076329 -0.337348 -0.150348 1.349796 -0.036741 -0.815150 1.077538 -1.292375 -0.544605 -0.007302 1.277851 0.419288 -1.369197 -0.673506 1.225514 -0.606938 0.514916 -0.143912 1.857130 0.587182 -0.008059 0.359810 -2.353378 0.626226 1.387686 -0.495592 0.723380 0.756858 -0.697512 -0.254557 0.066255 0.745599 2.588571 -0.110712 -1.190566 -0.662442 1.483207 -0.190904 0.505011 0.011190 1.133520 -0.218986 0.681788 0.988764 0.133705 0.943304 0.188244 -0.086107 -2.950287 1.587068 1.252430 -1.827277 -0.126979 2.244002 -0.428624 -1.357102 -0.683607 -2.528023 -0.938881 -1.646762 -0.330623 1.770471 0.635872 -1.853176 0.985833 
-1 -1.494493 -2.262982 1.378627 -0.932925 1.156530 -0.355991 -0.667997 -1.456148 -1.587205 -0.654083 -1.636350 -1.981790 2.514314 -1.202323 -1.712232 -0.127734 -2.289061 -2.021660 -0.328195 1.893644 0.016220 1.752733 -2.139840 -1.633400 0.020546 -2.291116 -2.680594 2.308817 0.864301 -1.285980 1.421679 -0.064872 -1.937245 1.553686 -0.332789 1.784327 0.975134 -0.299955 -1.890707 -0.015183 0.456910 -1.393601 1.354496 1.359221 -0.331027 -1.557903 -0.491756 1.518660 0.019255 -1.734091 0.418067 -0.457643 0.415876 -1.872533 -0.568244 -0.261526 -0.340571 2.854160 -0.881555 -1.955595 0.691132 -1.143482 -0.591377 0.178472 0.536455 0.287191 -0.729964 -3.364915 0.171476 1.947230 1.164898 -2.176711 0.106243 -0.829651 -0.640788 -1.679892 0.355579 -0.817347 -0.767074 -0.335202 -1.051323 0.076138 0.518841 3.693777 -2.123337 -1.645723 2.121074 -0.137415 -2.670618 0.541994 2.057745 0.990595 3.256064 1.072135 2.484473 0.058478 -2.137884 -0.645604 2.236040 -1.487334 
1 -1.010581 -3.759046 0.328606 0.599140 -2.484711 2.613037 2.597363 -0.138124 0.661742 0.360398 -0.473725 1.525676 -1.202323 4.769408 -0.365635 0.246435 2.266055 0.054209 -0.223373 -1.764024 0.649925 -2.880539 1.494405 3.518862 -1.524904 1.805540 2.664168 -3.427498 -3.145266 1.210958 -0.828110 1.519304 1.725482 1.628902 2.832993 1.542120 2.663259 -2.663324 -0.115222 -0.346208 -3.520446 0.514716 -2.278729 3.172491 -1.788125 1.107143 0.465086 -1.975723 -4.786602 -0.196184 -2.213083 1.337847 1.135545 3.661694 1.282537 -1.429323 0.825925 -2.117511 -0.076403 -0.180382 0.026260 -0.744315 2.392597 -4.126250 0.964649 1.986165 1.584461 1.147054 0.095402 1.567008 1.298785 -0.646219 -0.828470 -0.683975 -3.277605 -0.579682 0.274686 0.663356 3.154557 -0.786750 1.334716 1.765150 2.094735 -2.048181 0.387251 0.462337 -2.142282 -1.641750 2.285854 -0.269499 0.937765 0.231553 -1.278227 -1.193527 1.072514 -2.092759 1.641929 1.230378 -1.727606 -0.642091 
1 1.504902 2.908102 -1.217781 0.592106 -0.242136 -0.447358 -0.188328 1.227252 1.108336 0.431979 1.469066 1.186374 -1.712232 -0.365635 1.500466 0.034647 1.228050 1.634413 0.330890 -1.047141 -0.196758 -0.616880 1.324176 0.339256 0.413828 1.359764 1.435133 -0.916209 0.182853 0.707445 -0.926285 -0.376075 1.093604 -1.727802 -0.528401 -1.891506 -1.547767 0.996824 1.575396 0.110150 0.621234 0.991867 -0.461845 -2.004985 0.775046 0.958655 0.269955 -0.681367 1.335900 1.470454 0.283765 -0.004327 -0.660013 0.494061 0.101545 0.617015 0.044694 -1.731128 0.740943 1.646745 -0.571394 1.143283 -0.193031 1.019509 -0.710152 -0.795196 0.148256 2.421948 -0.166867 -2.031467 -1.317326 1.958721 0.147242 0.870151 1.448409 1.534517 -0.367725 0.479659 -0.264816 0.495690 0.481014 -0.560564 -1.014885 -2.435852 1.623342 1.212395 -1.125919 0.575722 1.533818 -0.366180 -1.943967 -0.873733 -2.296084 -0.537865 -2.330236 0.543222 1.280923 0.179400 -1.336827 1.395008 
1 -0.000314 -0.098967 -0.026385 0.054157 -0.144115 0.126033 0.134598 0.037102 0.076337 0.035334 0.027619 0.126222 -0.127734 0.246435 0.034647 0.014680 0.168057 0.062381 -0.000133 -0.134139 0.028239 -0.179297 0.129530 0.203964 -0.067995 0.147767 0.197267 -0.219967 -0.164635 0.091669 -0.078777 0.069063 0.133730 0.025881 0.135065 0.015203 0.088756 -0.108792 0.051008 -0.014848 -0.169126 0.064095 -0.140887 0.099863 -0.069195 0.095150 0.035143 -0.132368 -0.212092 0.042783 -0.110201 0.072698 0.037840 0.217371 0.073536 -0.055402 0.046603 -0.178260 0.022781 0.050054 -0.019346 0.001037 0.123276 -0.187635 0.026711 0.079247 0.091677 0.150530 -0.000872 0.011469 0.022829 0.036029 -0.039763 -0.005608 -0.125825 0.024228 0.001588 0.053566 0.162160 -0.024821 0.090175 0.075743 0.077172 -0.200109 0.080115 0.069262 -0.157603 -0.068472 0.180253 -0.027991 -0.019616 -0.019160 -0.153097 -0.084554 -0.026323 -0.094214 0.135991 0.073526 -0.142689 0.015757 
1 0.878775 0.708183 -0.979227 0.892083 -1.592402 1.006334 1.244341 1.092649 1.417852 0.608784 1.138913 1.965672 -2.289061 2.266055 1.228050 0.168057 2.411154 1.585689 0.192578 -1.963761 0.168913 -2.166117 2.079721 2.251685 -0.441842 2.284136 2.826507 -2.750874 -1.549863 1.337228 -1.335724 0.474713 1.986869 -0.752072 1.049740 -0.955485 -0.013739 -0.510799 1.436637 -0.084895 -1.338158 1.226386 -1.688667 -0.169901 -0.242232 1.519481 0.511917 -1.731575 -1.351778 1.292357 -0.942858 0.729164 -0.005939 2.477349 0.799638 -0.196017 0.495243 -2.808672 0.663508 1.468848 -0.529579 0.680452 1.127631 -1.291042 -0.147341 0.331596 1.009595 2.934424 -0.106568 -1.075088 -0.542234 1.510523 -0.313914 0.453500 -0.417578 1.143147 -0.199520 0.820230 1.476926 0.040679 1.189496 0.433829 0.181958 -3.441575 1.757691 1.407621 -2.246084 -0.351762 2.713100 -0.496320 -1.336680 -0.704886 -2.886497 -1.166232 -1.630554 -0.629903 2.119403 0.845169 -2.219584 0.976126 
1 1.576998 2.872804 -1.323413 0.716837 -0.509674 -0.245209 0.041532 1.352369 1.297365 0.515562 1.589021 1.467732 -2.021660 0.054209 1.634413 0.062381 1.585689 1.824064 0.346628 -1.335832 -0.156124 -0.964968 1.618059 0.717731 0.313095 1.687742 1.854626 -1.350949 -0.100595 0.904339 -1.110858 -0.271624 1.383812 -1.765270 -0.314131 -1.955834 -1.464921 0.851809 1.742007 0.089107 0.350977 1.153541 -0.734259 -1.924495 0.689621 1.173856 0.345378 -0.949255 1.023869 1.617398 0.101825 0.124526 -0.624699 0.903812 0.236995 0.548448 0.129585 -2.131168 0.817157 1.815108 -0.633326 1.200319 0.016502 0.735621 -0.697017 -0.692899 0.318167 2.806110 -0.176471 -2.109180 -1.340395 2.117247 0.083760 0.902204 1.294958 1.651613 -0.382659 0.597911 0.010282 0.475557 0.664324 -0.453160 -0.926878 -2.908703 1.843941 1.393887 -1.460068 0.481958 1.927871 -0.433550 -2.072643 -0.949929 -2.678727 -0.713940 -2.489467 0.402189 1.584188 0.318593 -1.654683 1.490330 
1 0.351505 0.734340 -0.269522 0.107901 0.024182 -0.175022 -0.119347 0.265731 0.215996 0.081060 0.327495 0.206277 -0.328195 -0.223373 0.330890 -0.000133 0.192578 0.346628 0.077323 -0.169338 -0.061749 -0.043601 0.236596 -0.035026 0.134691 0.234690 0.224564 -0.090705 0.134890 0.113819 -0.172129 -0.126475 0.180415 -0.417861 -0.199000 -0.450098 -0.411043 0.293643 0.339219 0.034031 0.239748 0.195662 -0.028919 -0.524003 0.219691 0.170517 0.043341 -0.084938 0.430654 0.319326 0.127964 -0.041724 -0.175276 -0.006395 -0.017477 0.175073 -0.015665 -0.304310 0.160220 0.356411 -0.122561 0.266326 -0.114104 0.343094 -0.180748 -0.230025 -0.016731 0.481116 -0.038468 -0.480682 -0.320323 0.437098 0.056643 0.206283 0.408607 0.344674 -0.086737 0.081981 -0.152639 0.129623 0.061794 -0.173286 -0.280150 -0.456596 0.334112 0.244252 -0.174589 0.172753 0.257131 -0.069811 -0.442846 -0.193248 -0.450295 -0.078215 -0.529266 0.179582 0.222879 0.000705 -0.232179 0.316849 
-1 -0.772459 -0.713488 0.836118 -0.733948 1.266398 -0.768093 -0.969333 -0.925902 -1.175493 -0.502366 -0.975295 -1.610878 1.893644 -1.764024 -1.047141 -0.134139 -1.963761 -1.335832 -0.169338 1.601902 -0.122395 1.738089 -1.708043 -1.790542 0.325572 -1.870852 -2.301805 2.214424 1.210108 -1.090519 1.101079 -0.353472 -1.622584 0.684692 -0.797909 0.853587 0.093877 0.348562 -1.215345 0.060911 1.019945 -1.018537 1.353961 0.241332 0.149071 -1.247454 -0.417425 1.399515 0.992312 -1.096147 0.726909 -0.573704 0.040095 -1.976473 -0.634857 0.121175 -0.392212 2.303651 -0.562021 -1.244527 0.447505 -0.596950 -0.877216 0.961485 0.154085 -0.218329 -0.802624 -2.439707 0.092837 0.955239 0.497497 -1.294073 0.239185 -0.403655 0.250951 -0.982140 0.176780 -0.671357 -1.148299 -0.058621 -0.962084 -0.311390 -0.088757 2.839639 -1.470624 -1.173024 1.828350 0.245980 -2.217837 0.410313 1.156446 0.601716 2.395228 0.946824 1.408489 0.466653 -1.736956 -0.674873 1.818811 -0.843189 
1 -0.280153 -0.773682 0.163786 0.017976 -0.295420 0.380729 0.352864 -0.140232 -0.025487 0.003247 -0.207527 0.077845 0.016220 0.649925 -0.196758 0.028239 0.168913 -0.156124 -0.061749 -0.122395 0.103227 -0.308936 0.060071 0.418740 -0.237428 0.096538 0.199453 -0.349415 -0.422789 0.085158 -0.014078 0.232940 0.112801 0.381924 0.417106 0.387098 0.496997 -0.442027 -0.172027 -0.055521 -0.514790 -0.032775 -0.247002 0.608119 -0.307328 0.046737 0.032881 -0.186123 -0.748958 -0.171968 -0.312962 0.172505 0.211915 0.421663 0.154826 -0.245410 0.101770 -0.099606 -0.083765 -0.187527 0.060396 -0.209820 0.326997 -0.632451 0.194938 0.334811 0.188998 -0.094150 0.028922 0.404265 0.298503 -0.278575 -0.121250 -0.174804 -0.566099 -0.227686 0.072025 0.037456 0.432163 -0.150656 0.123671 0.282971 0.370698 -0.020365 -0.112183 -0.061518 -0.163185 -0.268612 0.140947 0.001878 0.314601 0.116971 0.064719 -0.099838 0.370478 -0.323377 0.083362 0.140348 -0.088803 -0.221792 
-1 -0.201752 0.779772 0.480032 -0.724855 1.746800 -1.437629 -1.574848 -0.608772 -1.059093 -0.479150 -0.529019 -1.662954 1.752733 -2.880539 -0.616880 -0.179297 -2.166117 -0.964968 -0.043601 1.738089 -0.308936 2.216332 -1.721103 -2.471747 0.752055 -1.942835 -2.541741 2.740827 1.932772 -1.186674 1.063255 -0.769907 -1.739565 -0.071844 -1.533960 0.077489 -0.844098 1.157587 -0.821672 0.161529 1.926323 -0.897619 1.738410 -0.913741 0.717004 -1.262366 -0.454764 1.667082 2.339663 -0.709538 1.271700 -0.863898 -0.359853 -2.652315 -0.888313 0.574560 -0.560277 2.356139 -0.372066 -0.820068 0.308077 -0.168444 -1.439570 2.092038 -0.220659 -0.833786 -1.110408 -2.120720 0.033155 0.141000 -0.091600 -0.695894 0.452728 -0.052127 1.298462 -0.497641 0.031329 -0.702466 -1.892158 0.227469 -1.137994 -0.824151 -0.779106 2.712180 -1.174339 -0.989164 2.027860 0.735616 -2.352899 0.382851 0.498702 0.347143 2.134057 1.078907 0.631201 1.046169 -1.792029 -0.898831 1.879317 -0.377856 
1 1.078117 1.382145 -1.062336 0.811166 -1.201259 0.577364 0.824381 1.145543 1.339888 0.562015 1.251530 1.751554 -2.139840 1.494405 1.324176 0.129530 2.079721 1.618059 0.236596 -1.708043 0.060071 -1.721103 1.874062 1.697654 -0.187670 2.029631 2.436628 -2.225934 -1.042448 1.161399 -1.226594 0.222385 1.738480 -1.055861 0.583571 -1.249510 -0.478366 -0.059994 1.494612 -0.026782 -0.759758 1.169003 -1.335970 -0.727418 0.063089 1.366555 0.444343 -1.432829 -0.553018 1.360639 -0.581935 0.515178 -0.204046 1.904370 0.597153 0.047976 0.364328 -2.513617 0.694325 1.539031 -0.548124 0.828148 0.740287 -0.605794 -0.319386 -0.005892 0.760014 2.811858 -0.126010 -1.376606 -0.782942 1.663011 -0.177772 0.584693 0.142768 1.274347 -0.252666 0.726224 0.965968 0.178900 0.988196 0.137565 -0.178402 -3.175297 1.736541 1.364149 -1.931873 -0.074845 2.386179 -0.462430 -1.535406 -0.763841 -2.739800 -0.988931 -1.860521 -0.281701 1.889074 0.652977 -1.976962 1.113801 
1 -0.155200 -1.689779 -0.250827 0.705947 -2.012155 1.825717 1.920794 0.401322 0.967640 0.456002 0.243092 1.664720 -1.633400 3.518862 0.339256 0.203964 2.251685 0.717731 -0.035026 -1.790542 0.418740 -2.471747 1.697654 2.848111 -1.002260 1.951795 2.643689 -3.016442 -2.344675 1.224451 -1.020362 1.013565 1.780102 0.538807 1.961454 0.404318 1.409218 -1.637146 0.562943 -0.220850 -2.452057 0.806329 -1.944525 1.611964 -1.055405 1.248468 0.469545 -1.802157 -3.130777 0.457237 -1.585614 1.027694 0.600819 3.022051 1.028922 -0.844668 0.654041 -2.345461 0.247672 0.542313 -0.216130 -0.099877 1.761280 -2.753495 0.448575 1.199464 1.280575 1.884420 0.004394 0.365580 0.454559 0.312885 -0.576612 -0.166416 -1.923058 0.188630 0.059277 0.708851 2.317923 -0.400385 1.226028 1.126439 1.192142 -2.583594 0.969431 0.857236 -2.114198 -1.025212 2.393391 -0.358839 -0.082436 -0.183207 -1.933299 -1.140897 -0.138513 -1.385709 1.793285 1.020987 -1.882337 0.082902 
-1 0.610958 1.730188 -0.345556 -0.062897 0.707187 -0.885272 -0.828268 0.289509 0.022156 -0.022546 0.440384 -0.224973 0.020546 -1.524904 0.413828 -0.067995 -0.441842 0.313095 0.134691 0.325572 -0.237428 0.752055 -0.187670 -1.002260 0.547428 -0.275162 -0.521215 0.858115 0.993873 -0.225794 0.065176 -0.538111 -0.304475 -0.844042 -0.968540 -0.850649 -1.122457 1.011376 0.352746 0.127552 1.196430 0.043405 0.600208 -1.369600 0.700359 -0.143548 -0.087072 0.463745 1.725795 0.356218 0.730590 -0.407935 -0.478604 -1.014501 -0.369756 0.559320 -0.242289 0.295196 0.172662 0.386960 -0.123215 0.457020 -0.766913 1.461070 -0.436717 -0.764680 -0.452202 0.139389 -0.062677 -0.886445 -0.660823 0.591610 0.281768 0.383582 1.289346 0.485822 -0.157732 -0.105111 -1.013228 0.339341 -0.309110 -0.650117 -0.842015 0.131990 0.209528 0.103813 0.424777 0.615628 -0.386206 0.008157 -0.677343 -0.246647 -0.074097 0.254687 -0.796236 0.746301 -0.241279 -0.338186 0.256074 0.476678 
1 1.069815 1.242684 -1.089043 0.876009 -1.380815 0.737855 0.994257 1.185648 1.429848 0.604079 1.278465 1.903697 -2.291116 1.805540 1.359764 0.147767 2.284136 1.687742 0.234690 -1.870852 0.096538 -1.942835 2.029631 1.951795 -0.275162 2.207896 2.676607 -2.497123 -1.249984 1.272703 -1.320572 0.311018 1.900530 -1.014306 0.755820 -1.220494 -0.358866 -0.201740 1.550336 -0.045992 -0.975233 1.244215 -1.510321 -0.591579 -0.027807 1.480906 0.487020 -1.595338 -0.826160 1.406595 -0.721701 0.606419 -0.153097 2.174520 0.688888 -0.024782 0.422568 -2.728191 0.719016 1.593183 -0.569396 0.823442 0.895982 -0.846587 -0.282139 0.097723 0.874266 2.988008 -0.126227 -1.351539 -0.747374 1.697926 -0.228438 0.573083 -0.022722 1.296684 -0.248742 0.790915 1.170830 0.145151 1.098816 0.235549 -0.076238 -3.413583 1.828534 1.444684 -2.123708 -0.163786 2.604291 -0.495628 -1.549803 -0.783290 -2.919832 -1.092199 -1.881304 -0.402771 2.052977 0.744291 -2.148976 1.126241 
1 1.024760 0.817178 -1.144243 1.045053 -1.869618 1.184586 1.462890 1.277449 1.660125 0.713033 1.330569 2.303340 -2.680594 2.664168 1.435133 0.197267 2.826507 1.854626 0.224564 -2.301805 0.199453 -2.541741 2.436628 2.643689 -0.521215 2.676607 3.313434 -3.227222 -1.821808 1.567449 -1.564565 0.559642 2.328717 -0.874765 1.235995 -1.112912 -0.008244 -0.605205 1.679812 -0.100302 -1.575321 1.435773 -1.981594 -0.189380 -0.288544 1.780289 0.600054 -2.030885 -1.594969 1.510838 -1.109176 0.856689 -0.003609 2.908022 0.938946 -0.233442 0.581615 -3.290969 0.775750 1.717291 -0.619267 0.793603 1.325795 -1.521999 -0.169481 0.393637 1.185378 3.435186 -0.124352 -1.252714 -0.630329 1.764662 -0.369557 0.528360 -0.497988 1.335210 -0.232533 0.961209 1.736535 0.045263 1.395039 0.512549 0.218954 -4.030947 2.056761 1.647574 -2.633094 -0.416209 3.179692 -0.581239 -1.560495 -0.823685 -3.379520 -1.367418 -1.903786 -0.742820 2.483470 0.992042 -2.600884 1.139696 
-1 -0.416687 0.603651 0.718749 -0.941440 2.132016 -1.680039 -1.875217 -0.874913 -1.403615 -0.627003 -0.806755 -2.139989 2.308817 -3.427498 -0.916209 -0.219967 -2.750874 -1.350949 -0.090705 2.214424 -0.349415 2.740827 -2.225934 -3.016442 0.858115 -2.497123 -3.227222 3.407140 2.306979 -1.511026 1.387618 -0.883975 -2.221563 0.112856 -1.786720 0.311625 -0.838122 1.279310 -1.171534 0.181855 2.248619 -1.195674 2.147264 -0.869244 0.774208 -1.631189 -0.578931 2.086682 2.664025 -1.024356 1.499052 -1.040091 -0.357286 -3.251807 -1.081718 0.620868 -0.680028 3.037818 -0.533673 -1.177837 0.437029 -0.334835 -1.711728 2.402266 -0.183836 -0.912551 -1.354628 -2.833971 0.059193 0.404277 0.041690 -1.064269 0.528332 -0.163207 1.396884 -0.776512 0.080173 -0.901495 -2.248599 0.216789 -1.426258 -0.928022 -0.821334 3.548006 -1.601866 -1.331392 2.572552 0.819631 -3.011144 0.503414 0.825043 0.518976 2.835511 1.361647 1.029218 1.197451 -2.306375 -1.103371 2.417967 -0.616128 
-1 0.609954 2.375283 -0.169508 -0.420363 1.655706 -1.713435 -1.713302 0.042939 -0.482267 -0.255859 0.255705 -1.057712 0.864301 -3.145266 0.182853 -0.164635 -1.549863 -0.100595 0.134890 1.210108 -0.422789 1.932772 -1.042448 -2.344675 0.993873 -1.249984 -1.821808 2.306979 2.076505 -0.830258 0.585281 -0.991657 -1.186412 -1.010771 -1.855949 -0.946799 -1.703158 1.725005 0.013988 0.225004 2.307713 -0.380253 1.527937 -2.022431 1.153962 -0.771422 -0.318803 1.335883 3.118259 0.071779 1.454939 -0.886154 -0.726179 -2.445427 -0.853700 0.922509 -0.548945 1.471362 0.021294 0.054333 0.005216 0.447864 -1.577458 2.693297 -0.610976 -1.284366 -1.055574 -0.855773 -0.056600 -0.957749 -0.808313 0.350604 0.543035 0.418698 2.114095 0.323311 -0.167427 -0.458456 -2.079417 0.501605 -0.903286 -1.147229 -1.347599 1.453320 -0.320798 -0.354279 1.463822 1.064877 -1.575081 0.193035 -0.544338 -0.118826 0.937693 0.811999 -0.618322 1.364956 -1.138472 -0.822226 1.197445 0.370178 
1 0.519231 0.469523 -0.564748 0.498901 -0.866004 0.529188 0.665340 0.626196 0.797980 0.341306 0.658431 1.095745 -1.285980 1.210958 0.707445 0.091669 1.337228 0.904339 0.113819 -1.090519 0.085158 -1.186674 1.161399 1.224451 -0.225794 1.272703 1.567449 -1.511026 -0.830258 0.742423 -0.748206 0.244658 1.104380 -0.457623 0.550152 -0.572248 -0.054050 -0.245411 0.822184 -0.042461 -0.702885 0.691222 -0.924536 -0.152039 -0.107269 0.848273 0.284187 -0.954289 -0.688694 0.741218 -0.499888 0.393073 -0.023091 1.350806 0.434267 -0.087109 0.268408 -1.566751 0.380126 0.841704 -0.302796 0.401388 0.602261 -0.665476 -0.100854 0.154851 0.548895 1.655381 -0.062496 -0.640961 -0.332098 0.873579 -0.164842 0.270773 -0.181533 0.662687 -0.118673 0.456765 0.788456 0.036874 0.655934 0.217051 0.067538 -1.929282 0.996758 0.795598 -1.245136 -0.172340 1.509268 -0.278677 -0.779389 -0.406441 -1.625743 -0.645102 -0.949501 -0.323307 1.181494 0.461166 -1.237202 0.568417 
-1 -0.784050 -1.108430 0.744602 -0.532917 0.722227 -0.287643 -0.458234 -0.793858 -0.894022 -0.371524 -0.880841 -1.141005 1.421679 -0.828110 -0.926285 -0.078777 -1.335724 -1.110858 -0.172129 1.101079 -0.014078 1.063255 -1.226594 -1.020362 0.065176 -1.320572 -1.564565 1.387618 0.585281 -0.748206 0.809107 -0.089292 -1.123633 0.794661 -0.282692 0.924242 0.440743 -0.070385 -1.033037 0.003910 0.375078 -0.782627 0.823536 0.633425 -0.118367 -0.893694 -0.286184 0.902873 0.179770 -0.944266 0.307556 -0.298324 0.187978 -1.156582 -0.357037 -0.092928 -0.216010 1.640447 -0.480859 -1.066326 0.378178 -0.600922 -0.408967 0.243762 0.260161 0.087321 -0.456419 -1.886305 0.090687 1.012720 0.593069 -1.171147 0.087564 -0.430910 -0.235627 -0.900979 0.185336 -0.471789 -0.532278 -0.156057 -0.623865 -0.020634 0.210550 2.098551 -1.178404 -0.919072 1.239203 -0.017340 -1.545720 0.306827 1.095585 0.535186 1.831235 0.630290 1.324894 0.106057 -1.230736 -0.397627 1.287606 -0.793149 
1 -0.573589 -1.659364 0.314940 0.078367 -0.715235 0.875942 0.825492 -0.258507 0.006447 0.033773 -0.403511 0.256219 -0.064872 1.519304 -0.376075 0.069063 0.474713 -0.271624 -0.126475 -0.353472 0.232940 -0.769907 0.222385 1.013565 -0.538111 0.311018 0.559642 -0.883975 -0.991657 0.244658 -0.089292 0.529747 0.333523 0.801498 0.957325 0.803888 1.085272 -0.988157 -0.312901 -0.125026 -1.183390 -0.017867 -0.613667 1.321217 -0.682088 0.168700 0.094273 -0.482536 -1.695614 -0.319095 -0.725099 0.408854 0.462747 1.029841 0.373316 -0.544779 0.244057 -0.340706 -0.153940 -0.345356 0.108751 -0.428612 0.763860 -1.438401 0.419457 0.746050 0.457179 -0.077115 0.058521 0.836156 0.628430 -0.542457 -0.278673 -0.362051 -1.255152 -0.447371 0.148622 0.117780 1.008942 -0.327381 0.322330 0.637266 0.817901 -0.195309 -0.168082 -0.072725 -0.454965 -0.602297 0.426844 -0.017647 0.628788 0.224678 0.014912 -0.269239 0.737993 -0.734140 0.275011 0.343680 -0.291289 -0.441811 
1 0.822804 0.821280 -0.874013 0.747959 -1.259103 0.739677 0.948663 0.962969 1.204394 0.513034 1.021459 1.637061 -1.937245 1.725482 1.093604 0.133730 1.986869 1.383812 0.180415 -1.622584 0.112801 -1.739565 1.738480 1.780102 -0.304475 1.900530 2.328717 -2.221563 -1.186412 1.104380 -1.123633 0.333523 1.644864 -0.745220 0.765819 -0.918447 -0.155100 -0.303618 1.262565 -0.055643 -0.981114 1.044852 -1.354355 -0.319027 -0.115770 1.269342 0.422697 -1.408158 -0.925000 1.140738 -0.705653 0.565795 -0.066201 1.969776 0.630398 -0.094631 0.388729 -2.342489 0.584359 1.294235 -0.464541 0.635061 0.857597 -0.907363 -0.180679 0.183281 0.797790 2.504601 -0.098322 -1.024379 -0.543975 1.355709 -0.230016 0.433344 -0.189091 1.030854 -0.189243 0.681672 1.122128 0.077844 0.968535 0.284560 0.046586 -2.899703 1.516339 1.206160 -1.849161 -0.219420 2.249865 -0.419565 -1.219342 -0.628881 -2.455640 -0.955776 -1.483582 -0.438431 1.765257 0.673018 -1.848265 0.888144 
-1 -1.899076 -4.135941 1.410509 -0.489957 -0.377646 1.161362 0.875332 -1.371661 -1.035781 -0.377253 -1.721516 -0.897776 1.553686 1.628902 -1.727802 0.025881 -0.752072 -1.765270 -0.417861 0.684692 0.381924 -0.071844 -1.055861 0.538807 -0.844042 -1.014306 -0.874765 0.112856 -1.010771 -0.457623 0.794661 0.801498 -0.745220 2.301303 1.306352 2.457118 2.372254 -1.772501 -1.744747 -0.209259 -1.584827 -0.946934 -0.085307 3.001412 -1.305202 -0.757889 -0.173853 0.231868 -2.689592 -1.651400 -0.880054 0.349974 1.011560 0.407144 0.220446 -1.040568 0.164496 1.338070 -0.826326 -1.839237 0.628810 -1.436692 0.827606 -2.174741 1.022039 1.378247 0.247514 -2.340563 0.206276 2.615906 1.769255 -2.299081 -0.374098 -1.123782 -2.422637 -1.820112 0.471204 -0.350973 1.102396 -0.742660 -0.179186 1.065783 1.645425 2.123141 -1.667267 -1.200524 0.672833 -1.050438 -1.079829 0.329081 2.358261 1.010923 2.169692 0.277513 2.813537 -1.131451 -0.970702 0.122230 1.009450 -1.684345 
1 -0.901981 -2.786596 0.447257 0.221029 -1.384461 1.604338 1.540533 -0.339200 0.148088 0.116930 -0.584217 0.630765 -0.332789 2.832993 -0.528401 0.135065 1.049740 -0.314131 -0.199000 -0.797909 0.417106 -1.533960 0.583571 1.961454 -0.968540 0.755820 1.235995 -1.786720 -1.855949 0.550152 -0.282692 0.957325 0.765819 1.306352 1.748556 1.290811 1.865940 -1.749530 -0.399552 -0.223317 -2.165380 0.087755 -1.219009 2.256807 -1.196974 0.437072 0.211664 -0.997537 -3.048004 -0.424150 -1.338672 0.773908 0.795606 2.011261 0.719573 -0.956260 0.467764 -0.857581 -0.200752 -0.452281 0.135943 -0.671703 1.423216 -2.599587 0.707462 1.315658 0.884149 0.150849 0.090392 1.334774 1.028856 -0.787376 -0.509802 -0.579109 -2.199902 -0.659272 0.236434 0.281898 1.878641 -0.559345 0.669517 1.138366 1.424822 -0.668571 -0.119362 0.010880 -0.999811 -1.070271 0.996552 -0.078317 0.952710 0.318462 -0.253242 -0.575923 1.112209 -1.323989 0.677951 0.672981 -0.715638 -0.665844 
1 -2.045837 -4.370660 1.542508 -0.574678 -0.282382 1.142398 0.826822 -1.509912 -1.181923 -0.436986 -1.878661 -1.076329 1.784327 1.542120 -1.891506 0.015203 -0.955485 -1.955834 -0.450098 0.853587 0.387098 0.077489 -1.249510 0.404318 -0.850649 -1.220494 -1.112912 0.311625 -0.946799 -0.572248 0.924242 0.803888 -0.918447 2.457118 1.290811 2.634222 2.479244 -1.815748 -1.923898 -0.212633 -1.561421 -1.075622 0.029802 3.147518 -1.346476 -0.898767 -0.217673 0.364174 -2.714601 -1.816218 -0.852987 0.314266 1.057188 0.250878 0.173986 -1.073270 0.136971 1.595668 -0.909983 -2.024878 0.694208 -1.548822 0.785183 -2.181017 1.078093 1.416493 0.187477 -2.651820 0.223000 2.808529 1.886514 -2.508209 -0.368710 -1.205944 -2.501505 -1.981962 0.506314 -0.424422 1.047656 -0.778716 -0.270963 1.082864 1.706150 2.460397 -1.865564 -1.353308 0.861080 -1.072613 -1.319154 0.378741 2.557791 1.105745 2.469937 0.372045 3.054111 -1.137660 -1.163341 0.068173 1.210875 -1.828365 
1 -1.866838 -4.489744 1.271730 -0.247645 -0.992708 1.684551 1.440531 -1.187332 -0.688127 -0.218144 -1.571911 -0.337348 0.975134 2.663259 -1.547767 0.088756 -0.013739 -1.464921 -0.411043 0.093877 0.496997 -0.844098 -0.478366 1.409218 -1.122457 -0.358866 -0.008244 -0.838122 -1.703158 -0.054050 0.440743 1.085272 -0.155100 2.372254 1.865940 2.479244 2.713203 -2.210501 -1.493826 -0.269617 -2.286437 -0.653664 -0.691612 3.379148 -1.580637 -0.333987 -0.019162 -0.343296 -3.557022 -1.437613 -1.339916 0.657420 1.156917 1.337725 0.533796 -1.261178 0.362640 0.545353 -0.713429 -1.590760 0.534223 -1.406804 1.344804 -2.945767 1.119195 1.695757 0.638646 -1.649745 0.198865 2.619115 1.836449 -2.102975 -0.539024 -1.128098 -2.922616 -1.683390 0.469719 -0.113672 1.782488 -0.836605 0.213018 1.373701 1.949254 1.222277 -1.292143 -0.880480 -0.018999 -1.327258 -0.283081 0.202502 2.231918 0.910381 1.470822 -0.092178 2.650206 -1.517897 -0.366840 0.437276 0.376003 -1.586572 
-1 1.332745 3.509486 -0.825498 0.008900 1.154618 -1.592152 -1.444605 0.732090 0.254424 0.046165 1.035820 -0.150348 -0.299955 -2.663324 0.996824 -0.108792 -0.510799 0.851809 0.293643 0.348562 -0.442027 1.157587 -0.059994 -1.637146 1.011376 -0.201740 -0.605205 1.279310 1.725005 -0.245411 -0.070385 -0.988157 -0.303618 -1.772501 -1.749530 -1.815748 -2.210501 1.913949 0.907659 0.238338 2.155020 0.267761 0.929820 -2.719981 1.341952 -0.056491 -0.095195 0.654947 3.194532 0.893037 1.297251 -0.694195 -0.942546 -1.627676 -0.608598 1.071326 -0.403066 0.163161 0.438379 0.979766 -0.321175 1.000377 -1.341242 2.682711 -0.881158 -1.455216 -0.739592 0.710594 -0.139166 -1.903963 -1.380813 1.388617 0.507706 0.822139 2.474722 1.125849 -0.340009 -0.084842 -1.773933 0.673709 -0.431306 -1.214610 -1.629626 -0.252063 0.673617 0.413564 0.501770 1.158954 -0.356436 -0.057752 -1.531448 -0.590098 -0.575003 0.327686 -1.809071 1.374697 -0.159570 -0.539713 0.173784 1.083022 
1 1.543092 2.878219 -1.276765 0.664350 -0.400250 -0.325954 -0.051266 1.297777 1.217175 0.480283 1.535784 1.349796 -1.890707 -0.115222 1.575396 0.051008 1.436637 1.742007 0.339219 -1.215345 -0.172027 -0.821672 1.494612 0.562943 0.352746 1.550336 1.679812 -1.171534 0.013988 0.822184 -1.033037 -0.312901 1.262565 -1.744747 -0.399552 -1.923898 -1.493826 0.907659 1.669490 0.097317 0.458857 1.084821 -0.622179 -1.951040 0.721944 1.083494 0.313911 -0.838341 1.146525 1.553193 0.174864 0.072196 -0.637019 0.735844 0.181660 0.574408 0.094963 -1.963349 0.783923 1.741661 -0.606414 1.173641 -0.068024 0.847816 -0.700173 -0.732014 0.248690 2.642621 -0.172058 -2.071377 -1.326981 2.046838 0.109096 0.886513 1.352849 1.599337 -0.375464 0.548402 -0.100658 0.482215 0.588382 -0.495070 -0.959515 -2.709143 1.749346 1.316439 -1.320872 0.518281 1.763089 -0.405059 -2.014406 -0.916295 -2.516240 -0.640763 -2.417632 0.457813 1.457063 0.261499 -1.521459 1.447327 
-1 0.154411 0.421633 -0.091572 -0.007262 0.155798 -0.203706 -0.187928 0.079112 0.017779 -0.000063 0.115743 -0.036741 -0.015183 -0.346208 0.110150 -0.014848 -0.084895 0.089107 0.034031 0.060911 -0.055521 0.161529 -0.026782 -0.220850 0.127552 -0.045992 -0.100302 0.181855 0.225004 -0.042461 0.003910 -0.125026 -0.055643 -0.209259 -0.223317 -0.212633 -0.269617 0.238338 0.097317 0.029879 0.275497 0.021199 0.129267 -0.330327 0.166024 -0.021112 -0.016407 0.096126 0.402476 0.096883 0.167125 -0.091535 -0.114963 -0.221806 -0.081749 0.132567 -0.053820 0.046193 0.047286 0.105815 -0.034237 0.115708 -0.174223 0.339450 -0.106148 -0.180682 -0.099699 0.059254 -0.015985 -0.222279 -0.163425 0.155317 0.064892 0.096081 0.305896 0.126689 -0.039624 -0.018029 -0.230292 0.081831 -0.063763 -0.152278 -0.200565 0.001446 0.065753 0.037295 0.082249 0.144718 -0.068884 -0.002403 -0.174373 -0.065413 -0.043156 0.050900 -0.205501 0.173648 -0.039305 -0.073770 0.041977 0.123026 
-1 1.086549 3.399825 -0.527126 -0.289997 1.730811 -1.987709 -1.914618 0.392270 -0.211880 -0.156350 0.691549 -0.815150 0.456910 -3.520446 0.621234 -0.169126 -1.338158 0.350977 0.239748 1.019945 -0.514790 1.926323 -0.759758 -2.452057 1.196430 -0.975233 -1.575321 2.248619 2.307713 -0.702885 0.375078 -1.183390 -0.981114 -1.584827 -2.165380 -1.561421 -2.286437 2.155020 0.458857 0.275497 2.682386 -0.133836 1.530111 -2.762101 1.472098 -0.568212 -0.270371 1.259614 3.764344 0.492096 1.660772 -0.964065 -0.974898 -2.517934 -0.898988 1.176110 -0.583867 1.111188 0.231799 0.522787 -0.155247 0.808592 -1.768341 3.213502 -0.863845 -1.619463 -1.105178 -0.247775 -0.108492 -1.612733 -1.249250 0.932556 0.631498 0.699983 2.704958 0.783438 -0.285475 -0.363054 -2.333959 0.684612 -0.846001 -1.404382 -1.750037 0.893122 0.108599 -0.043509 1.273432 1.319171 -1.279449 0.106619 -1.138902 -0.375168 0.372231 0.730802 -1.328069 1.636068 -0.876272 -0.842864 0.924606 0.795073 
1 0.890741 1.429377 -0.799853 0.511555 -0.571168 0.108971 0.287868 0.837272 0.883252 0.360814 0.952405 1.077538 -1.393601 0.514716 0.991867 0.064095 1.226386 1.153541 0.195662 -1.018537 -0.032775 -0.897619 1.169003 0.806329 0.043405 1.244215 1.435773 -1.195674 -0.380253 0.691222 -0.782627 -0.017867 1.044852 -0.946934 0.087755 -1.075622 -0.653664 0.267761 1.084821 0.021199 -0.133836 0.777913 -0.691767 -0.891610 0.253869 0.850396 0.264248 -0.796555 0.162101 0.998233 -0.158915 0.213188 -0.278765 0.937842 0.278403 0.201169 0.164788 -1.554747 0.506626 1.124265 -0.395973 0.680487 0.251480 0.047217 -0.341503 -0.235976 0.359917 1.881770 -0.101459 -1.169631 -0.712780 1.267493 -0.030763 0.498932 0.484783 0.981124 -0.213169 0.443174 0.324345 0.220041 0.552625 -0.107354 -0.372305 -2.037146 1.199611 0.923910 -1.134847 0.137914 1.443753 -0.300036 -1.210040 -0.574559 -1.814812 -0.569626 -1.458814 0.042260 1.162551 0.324506 -1.215554 0.873323 
